24 [0, 0]
25 [0, 0]
26 [0, 0]
27 [0, 0]
28 [0, 0]
29 [0, 0]
30 33.0 [63.61323155216285, 251.5883874356375]
66.09385327164574 259.2093332980369
31 34.5 [66.09385327164574, 259.2093332980369]
68.1663258350375 274.64822825888655
32 36.0 [68.1663258350375, 274.64822825888655]
70.12622720897616 277.67779917504134
33 37.0 [70.12622720897616, 277.67779917504134]
71.83908045977012 288.96846824727396
34 38.0 [71.83908045977012, 288.96846824727396]
73.42143906020559 291.72790269938304
35 39.0 [73.42143906020559, 291.72790269938304]
74.79431563201197 300.2416509936233
36 40.0 [74.79431563201197, 300.2416509936233]
76.39419404125286 300.4400280793827
37 40.5 [76.39419404125286, 300.4400280793827]
77.82101167315174 307.7684934994592
38 41.0 [77.82101167315174, 307.7684934994592]
79.05138339920948 319.79819251168544
39 42.0 [79.05138339920948, 319.79819251168544]
80.32128514056225 321.8948132483496
40 42.5 [80.32128514056225, 321.8948132483496]
81.63265306122449 329.07805510693197
41 43.0 [81.63265306122449, 329.07805510693197]
82.8500414250207 332.91662533732676
42 43.5 [82.8500414250207, 332.91662533732676]
84.24599831508003 332.3903101237642
43 43.5 [84.24599831508003, 332.3903101237642]
85.39709649871904 339.78539812488026
44 44.0 [85.39709649871904, 339.78539812488026]
86.50519031141869 339.0536455833826
45 44.5 [86.50519031141869, 339.0536455833826]
87.56567425569177 345.16736247314253
46 45.0 [87.56567425569177, 345.16736247314253]
88.73114463176574 352.6826195852052
47 45.0 [88.73114463176574, 352.6826195852052]
89.76660682226212 354.84797953391484
48 45.5 [89.76660682226212, 354.84797953391484]
90.99181073703366 356.56702039931577
49 45.5 [90.99181073703366, 356.56702039931577]
91.91176470588235 365.26965459651416
50 46.0 [91.91176470588235, 365.26965459651416]
92.85051067780873 367.9091439015982
51 46.5 [92.85051067780873, 367.9091439015982]
93.98496240601504 367.51570779365574
52 46.5 [93.98496240601504, 367.51570779365574]
95.05703422053232 370.1734893876864
53 46.5 [95.05703422053232, 370.1734893876864]
95.87727708533077 373.89583453863366
54 47.0 [95.87727708533077, 373.89583453863366]
96.89922480620154 372.6463100260575
55 47.0 [96.89922480620154, 372.6463100260575]
97.84735812133073 376.5023361915232
56 47.0 [97.84735812133073, 376.5023361915232]
98.81422924901186 386.1770522087834
57 47.5 [98.81422924901186, 386.1770522087834]
99.60159362549801 385.21656741563527
58 47.5 [99.60159362549801, 385.21656741563527]
100.6036217303823 386.4021527893004
59 47.5 [100.6036217303823, 386.4021527893004]
101.5228426395939 389.998818365465
60 47.5 [101.5228426395939, 389.998818365465]
102.24948875255623 396.4515264677826
61 48.0 [102.24948875255623, 396.4515264677826]
103.19917440660474 394.8031678903105
62 48.0 [103.19917440660474, 394.8031678903105]
104.0582726326743 395.5072438155275
63 48.0 [104.0582726326743, 395.5072438155275]
104.9317943336831 397.9692841262398
64 48.0 [104.9317943336831, 397.9692841262398]
105.82010582010582 397.78987141735104
65 48.0 [105.82010582010582, 397.78987141735104]
106.72358591248666 397.37610812448554
66 48.0 [106.72358591248666, 397.37610812448554]
107.52688172043011 400.18081572337564
67 48.0 [107.52688172043011, 400.18081572337564]
108.34236186348862 405.1241980529952
68 48.0 [108.34236186348862, 405.1241980529952]
109.05125408942203 406.44175744495647
69 48.0 [109.05125408942203, 406.44175744495647]
109.89010989010988 406.4633079779969
70 48.0 [109.89010989010988, 406.4633079779969]
110.74197120708749 408.0497149210071
71 48.0 [110.74197120708749, 408.0497149210071]
111.60714285714286 411.4739168150692
72 48.0 [111.60714285714286, 411.4739168150692]
112.2334455667789 412.90899721985886
73 48.0 [112.2334455667789, 412.90899721985886]
112.99435028248588 411.95440084216136
74 48.0 [112.99435028248588, 411.95440084216136]
113.76564277588169 412.3709810375263
75 48.0 [113.76564277588169, 412.3709810375263]
114.5475372279496 413.6362299210093
76 48.0 [114.5475372279496, 413.6362299210093]
115.34025374855824 416.35184861761155
77 48.0 [115.34025374855824, 416.35184861761155]
116.0092807424594 415.07165306756025
78 48.0 [116.0092807424594, 415.07165306756025]
116.68611435239207 416.4245483761197
79 48.0 [116.68611435239207, 416.4245483761197]
80 47.5 [117.50881316098707, 415.0219553772006]
81 47.5 [118.2033096926714, 419.2128362999951]
82 47.5 [118.90606420927467, 419.9077899442926]
83 47.5 [119.61722488038278, 419.93788710269433]
84 47.5 [120.33694344163658, 421.0577171762773]
85 47.5 [120.91898428053204, 423.0051082113416]
86 47.0 [121.65450121654501, 422.07851386968713]
87 47.0 [122.54901960784314, 421.1494458665705]
88 47.0 [123.15270935960591, 420.98912794053376]
89 47.0 [123.76237623762377, 421.417253139304]
90 47.0 [124.37810945273633, 422.8614180629647]
91 47.0 [125.15644555694618, 425.3153625193048]
92 46.5 [125.78616352201257, 420.41904649568244]
93 46.5 [126.42225031605562, 421.48505811108157]
94 46.5 [127.06480304955528, 423.2329963484913]
95 46.0 [127.8772378516624, 421.7375774083366]
96 46.0 [128.53470437017995, 424.55429349613325]
97 46.0 [129.03225806451613, 424.3329367115379]
98 46.0 [129.5336787564767, 424.6713056619222]
99 45.5 [130.3780964797914, 421.2171690994339]
100 45.5 [130.89005235602093, 422.8763380986649]
101 45.5 [131.4060446780552, 425.46196811574197]
102 45.0 [132.27513227513228, 420.8775128198744]
103 45.0 [132.80212483399734, 420.677511452171]
104 45.0 [133.33333333333334, 420.9472447089735]
105 45.0 [133.86880856760374, 421.64463427095575]
106 44.5 [134.77088948787062, 418.9360539800453]
107 44.5 [135.13513513513513, 420.321683340369]
108 44.0 [135.8695652173913, 415.53987783736034]
109 44.0 [136.23978201634878, 416.48172129007764]
110 44.0 [136.79890560875512, 417.8431604624092]
111 43.5 [137.5515818431912, 415.1692536143393]
112 43.5 [138.12154696132598, 417.6281881768511]
113 43.5 [138.69625520110958, 418.5878009566305]
114 43.0 [139.27576601671308, 413.80920991067916]
115 43.0 [139.86013986013987, 414.4335131398484]
116 42.5 [140.4494382022472, 410.7155285132613]
117 42.5 [141.04372355430183, 412.16230377510874]
118 42.5 [141.643059490085, 414.09260306283096]
119 42.0 [142.04545454545453, 409.67387489457565]
120 42.0 [142.65335235378032, 409.5863922281919]
121 42.0 [143.26647564469914, 409.84649299058475]
122 41.5 [143.67816091954023, 405.4940835515322]
123 41.5 [144.3001443001443, 406.4004891075319]
124 41.0 [144.92753623188406, 403.23425023074714]
125 41.0 [145.34883720930233, 403.90657625028103]
126 40.5 [145.7725947521866, 399.08824098174966]
127 40.5 [146.41288433382138, 399.8559711507881]
128 40.0 [146.84287812041117, 396.1302160713296]
129 40.0 [147.49262536873155, 397.39421377771515]
130 39.5 [147.92899408284023, 394.42183549968854]
131 39.5 [148.5884101040119, 395.7968208781675]
132 39.5 [148.8095238095238, 396.0150238647703]
133 39.0 [149.47683109118086, 391.3274026654778]
134 39.0 [149.92503748125938, 391.93580962389825]
135 38.5 [150.37593984962405, 387.7977173410281]
136 38.5 [150.82956259426848, 388.83493311876634]
137 38.0 [151.5151515151515, 385.34713788411017]
138 38.0 [151.9756838905775, 386.1933513742046]
139 37.5 [152.4390243902439, 381.066717056085]
140 37.5 [152.9051987767584, 381.2790599279799]
141 37.0 [153.37423312883436, 376.57837701745024]
142 37.0 [153.84615384615384, 377.09697440568414]
143 36.5 [154.320987654321, 372.8263187983814]
144 36.5 [154.79876160990713, 373.88340541189456]
145 36.0 [155.27950310559007, 369.5782299968691]
146 36.0 [155.52099533437013, 369.6937879293668]
147 35.5 [156.00624024961, 364.94239394337626]
148 35.5 [156.49452269170578, 365.5944309169801]
149 35.0 [157.23270440251574, 361.3401583030769]
150 35.0 [157.48031496062993, 362.24656949280586]
151 34.5 [157.9778830963665, 358.3471830938583]
152 34.5 [158.22784810126583, 359.3958994559582]
153 34.0 [158.73015873015873, 354.73278346309735]
154 34.0 [159.23566878980893, 354.9605655324871]
155 33.5 [159.7444089456869, 350.1279127065888]
156 33.5 [160.25641025641025, 350.6193539267783]
157 33.0 [160.77170418006432, 346.01651363046597]
158 33.0 [161.0305958132045, 346.70720726074643]
159 32.5 [161.55088852988692, 342.39578058829545]
160 32.5 [161.81229773462783, 343.13550932995645]
161 32.0 [162.07455429497568, 338.16333134556544]
162 32.0 [162.60162601626016, 338.2860073437803]
163 31.5 [163.1321370309951, 333.2069530334035]
164 31.5 [163.3986928104575, 333.5221852720694]
165 31.0 [163.9344262295082, 328.61559390020005]
166 30.5 [164.47368421052633, 323.8276391637113]
167 30.5 [164.74464579901152, 324.43830489388057]
168 30.0 [165.28925619834712, 319.71274835934213]
169 30.0 [165.56291390728478, 319.98244875481515]
170 29.5 [166.11295681063123, 314.7457462504804]
171 29.5 [166.38935108153078, 315.01721474778446]
172 29.0 [166.9449081803005, 310.09227644207834]
173 29.0 [167.50418760469012, 310.58023851738307]
174 28.5 [167.78523489932886, 305.84854559008136]
175 28.5 [168.35016835016836, 306.49395267029996]
176 28.0 [168.63406408094434, 301.7545883142084]
177 28.0 [169.20473773265653, 302.0874950971186]
178 27.5 [169.4915254237288, 296.818387005536]
179 27.5 [170.06802721088437, 297.0398762218122]
180 27.0 [170.35775127768312, 291.9145102076354]
181 27.0 [170.94017094017093, 292.2569573543635]
182 26.5 [171.23287671232876, 287.2696729006531]
183 26.5 [171.82130584192439, 287.7271771372697]
184 27.0 [172.1170395869191, 293.5573966371051]
185 28.0 [172.41379310344828, 304.7785743797665]
186 [0, 0]
187 [0, 0]
188 [0, 0]