1.05
0.1721
0.481
0.04
2
79.3
0.32
0.04
15.5
2.49
0.213
0.5
2.51
-0.031

105
17.21
48.1
4
200
7930
0.32
0.04
15.5
2.49
0.213
0.5
2.51
-0.031

20.1
3.442
9.62
0.8
40
1586
6.4
0.8
15.5
2.49
0.213
0.5
2.51
-0.031

0.1895
0.7680 
4.0471 
0.3012 
16.8911 
28.3152 
3.1190 
0.0445 
46.1381 
21.9425 
0.0220 
0.0502 
0.2586 
-0.1855 

6.9709 
0.1244 
1.8356 
0.2777 
11.5547 
49.8993 
2.7781 
0.1492 
11.7034 
6.8909 
0.0348 
0.1115 
1.3185 
-0.2671 

1558.1583 
